learning_rate: 0.0001508249928282227
hidden_size: 90
num_lstm_layers: 1
dropout: 0.03528656651938272
