learning_rate: 0.0011615952798755273
hidden_size: 42
num_lstm_layers: 1
dropout: 0.14076723649478778
